0
MSE:  [9.739237265911864, 13.921278337679604, 18.622775681361997, 11.625137965282907, 11.289905764262517, 17.559785332781292, 28.13044574948098, 22.900539111735494, 12.350414150674181, 11.748021124401143]
1
MSE:  [6.1507129352559105, 8.892044049118034, 37.73275613020505, 8.78697876669266, 7.5029222910266204, 7.464361570346532, 26.27911879961178, 15.379589648935493, 14.135497659993797, 9.923753949351434]


2
MSE:  [9.154127995231564, 11.678576838896612, 6.430116070808799, 9.835833280727632, 19.16474278224203, 10.256766238479392, 19.09412761869542, 13.325781037350993, 13.921324514671635, 16.820102373795663]


params
inertia .25
c1 1.6
c2 1.6